9 9 6 6 6
60 60 57 57 53
99 99 97 97 95 94 92 87
19 19 15 12 11 8 5 4
98 98 94 93 92 94
45 45 41 40 39 36 36
46 46 42 40 37 33
20 20 19 16 14 10 4
26 26 25 19 16 13 10 8
98 98 95 89 92
87 87 85 84 77 75 75
25 25 22 20 17 12 10 6
65 65 64 59 54
47 43 40 37 36 35 32 30
28 24 22 19 18 17 19
21 17 16 13 11 10 7 7
21 17 15 14 10
97 93 90 89 87 85 79
22 18 16 13 11 13 10 8
65 61 60 61 60 59 60
94 90 88 90 89 89
20 16 19 17 14 12 9 5
50 46 43 42 44 41 38 32
18 14 11 11 8 5
46 42 39 38 38 39
69 65 64 64 64
18 14 12 11 10 9 9 5
26 22 21 18 18 11
67 63 60 59 55 54 51 49
88 84 81 77 74 71 73
97 93 91 87 85 82 82
75 71 69 68 64 63 59
92 88 84 81 78 76 70
28 24 19 16 14 13 10 9
47 43 40 37 30 28 29
21 17 12 11 8 5 2 2
38 34 33 28 25 21
23 19 13 12 11 6
38 31 29 26 23 21 20 17
99 94 91 88 86 87
29 22 20 17 17
36 30 27 24 22 18
44 39 38 35 34 27
94 87 86 87 86
53 47 50 49 46 47
44 37 36 39 38 37 37
21 15 12 14 11 10 6
50 45 44 45 40
92 86 85 83 82 80 80 78
72 67 66 66 64 65
94 89 89 88 88
67 62 60 60 57 53
34 29 29 27 26 21
22 15 13 11 9 5 2 1
62 55 51 50 53
68 61 58 57 56 53 49 49
66 59 56 52 50 46
77 71 70 67 66 62 57
44 39 36 30 27
31 26 23 20 14 13 12 14
45 40 39 32 32
84 79 73 72 68
28 23 20 14 9
57 61 62 65 67 71 71
98 93 93 92 90 89 85
75 75 78 84 87 90 91 95
59 56 52 49 47
16 16 13 10 10
75 74 72 71 74
29 24 21 17 16 14 8
40 42 43 44 48
14 14 15 18 21 22 24 31
4 4 6 12 14 20
43 39 36 39 38
26 22 19 17 20
79 73 72 69 68 68 66
47 43 40 39 36 35 34
33 33 32 31 28 27 29
37 34 32 32 31 29
79 75 73 70 69 67 68 63
67 66 67 69 71 71 74
23 30 27 29 30 33 40
27 22 21 18 17 17 17
29 35 38 39 43 43
64 64 66 73 75 76
82 76 72 69 67 65
81 74 77 75 72 69 65
74 74 72 70 66 65
64 61 59 58 54 51 48 48
12 13 16 15 12 11 5
10 16 19 21 27 29 32 32
93 89 88 87 87 83
51 50 53 54 55 58 60 65
19 19 19 21 20
90 90 92 94 93 93
31 35 36 42 44 51
41 41 36 34 33 32 31
69 62 59 58 56 53 48
51 45 45 42 41 40 33
39 42 39 38 35 32 28 22
44 45 42 39 35 33 29
